0.0575431 -0.351 0.99781
0.353391 0.0403123 0.997811
0.359096 0.156953 0.982788
0.341972 -0.193176 0.917833
0.327434 0.216907 0.917833
0.255138 0.258338 0.968265
0.217759 0.10979 1.03876
0.215865 -0.0957092 1.01661
0.213328 -0.371038 0.816258
-0.109671 -0.413703 0.816258
-0.109671 -0.413703 0.816258
-0.04269 -0.522087 0.671644
0.0668345 -0.413597 0.672828
0.23187 -0.250121 0.721518
0.107738 -0.351288 0.799866
0.262954 -0.197539 0.9449
-0.15863 -0.615139 0.750131
-0.350636 -0.52973 0.750131
0.446075 -0.452302 0.750131
0.327332 0.0314587 0.944918
