0.154643 -0.255502 1.11414
0.0192972 -0.0123318 0.710155
0.0554572 0.0593374 0.62402
-0.056249 -0.0620215 0.940084
0.104668 0.139236 0.620739
0.18844 0.104903 0.58482
0.171953 -0.0351092 0.677328
0.0992399 -0.118602 0.851874
-0.00308403 -0.0850336 1.17491
0.282867 -0.15954 1.31213
0.282867 -0.15954 1.31213
0.17729 -0.0790791 1.45187
0.114147 -0.00813001 1.33044
0.0203482 0.0588081 1.12294
0.102032 -0.0786866 1.20171
0.0166657 -0.100297 0.954709
0.254252 -0.211311 1.52153
0.46404 -0.200589 1.51558
-0.251283 -0.0306226 1.19909
0.0389033 0.0240407 0.75314
