0.210392 0.055063 1.0149
0.210403 -0.0449304 1.01488
0.110397 -0.0450212 1.01491
0.110471 -0.144919 1.01488
0.210442 -0.144948 1.01487
-0.0896102 -0.144945 1.01487
-0.0896027 -0.14494 0.73287
-0.0896384 -0.144974 0.832896
-0.0895825 -0.144919 0.682894
-0.0896031 -0.14494 0.632866
-0.0895973 -0.144935 0.53287
-0.0896197 -0.144956 0.482864
-0.189539 -0.144952 0.482895
0.0104553 -0.144962 0.482879
0.0104293 -0.145007 0.532913
0.110463 -0.144965 0.532872
0.110467 -0.14495 0.632887
0.210461 -0.145054 0.632882
0.310472 -0.144984 0.632855
0.410479 -0.145008 0.632845
0.510455 -0.144998 0.632838
0.410473 -0.145013 0.682854
0.310449 -0.144947 0.732893
0.310416 0.055061 0.832893
0.310452 0.0550337 0.932871
0.310448 -0.0449721 0.932873
0.310454 0.155034 0.932839
0.310399 -0.244929 0.932881
0.31044 -0.344994 0.832859
0.31044 -0.345009 0.882886
0.310442 -0.344999 0.902841
0.210433 -0.344952 0.902903
0.110453 -0.344985 0.902855
0.110453 -0.344981 0.932906
0.110441 -0.345106 0.942809
-0.0896308 -0.344982 0.94285
-0.189578 -0.244983 0.94287
-0.189553 -0.244959 0.962875
0.0104681 -0.244928 0.962883
0.210412 -0.245021 0.962891
0.310482 -0.245067 0.96282
0.310389 -0.34496 0.732901
0.310411 -0.444993 0.732892
0.210388 -0.494962 0.732919
0.210429 -0.54502 0.732831
-0.189581 -0.444956 0.732861
-0.139586 -0.494959 0.73287
0.0103859 -0.495018 0.732882
0.0104013 -0.494952 0.632861
0.0103997 -0.494959 0.532865
