0.127591 -0.0361348 0.718759
0.0982309 -0.0867209 0.794841
0.196027 -0.106581 0.849749
0.163645 -0.154207 0.914113
0.0688622 -0.136594 0.874646
0.374695 -0.200543 1.07291
0.368338 0.0506125 1.17436
0.368478 -0.0365226 1.12604
0.365516 0.0933841 1.19117
0.362572 0.134628 1.20831
0.35985 0.218209 1.25649
0.359481 0.259868 1.28563
0.459813 0.247304 1.34745
0.259371 0.269193 1.21955
0.260027 0.229387 1.19308
0.164996 0.241777 1.14455
0.165303 0.161469 1.08928
0.071884 0.176453 1.05526
-0.0210655 0.195146 1.05025
-0.116146 0.214116 1.0514
-0.217652 0.23876 1.07984
-0.117038 0.173597 1.02425
-0.022127 0.113039 0.990934
0.0349137 0.131689 0.783998
0.0340038 0.0492246 0.726373
0.00469423 -0.00105927 0.808065
0.0646331 0.101231 0.651234
-0.0538193 -0.101963 0.97881
-0.0820773 -0.0692536 1.10948
-0.0834365 -0.111487 1.09416
-0.0836358 -0.127585 1.08624
0.0120729 -0.142708 1.08524
0.105443 -0.160369 1.12236
0.105647 -0.185002 1.10663
0.104926 -0.192533 1.09926
0.299241 -0.231338 1.20583
0.449333 -0.209188 1.25129
0.44862 -0.226386 1.24142
0.232521 -0.180982 1.07525
0.0400887 -0.143534 0.983638
-0.0549321 -0.128252 0.972508
-0.0807312 0.0142067 1.1501
-0.110649 -0.0364722 1.24061
-0.0295293 -0.0764552 1.27931
-0.0445445 -0.100565 1.32177
0.367854 -0.119996 1.42118
0.299555 -0.135083 1.40976
0.156507 -0.109119 1.34058
0.156054 -0.0255849 1.36304
0.156275 0.0560231 1.41183
