Vector3D(0.193382, -0.014413, 0.972628)
Vector3D(0.193392, -0.114415, 0.972613)
Vector3D(0.0933849, -0.114488, 0.972615)
Vector3D(0.0934289, -0.214399, 0.972617)
Vector3D(0.193401, -0.214426, 0.972612)
Vector3D(-0.106625, -0.214428, 0.972607)
Vector3D(-0.106617, -0.214423, 0.690607)
Vector3D(-0.106643, -0.214447, 0.790617)
Vector3D(-0.106602, -0.214406, 0.640636)
Vector3D(-0.106618, -0.214424, 0.590603)
Vector3D(-0.106612, -0.214418, 0.490607)
Vector3D(-0.106631, -0.214436, 0.440596)
Vector3D(-0.206577, -0.214425, 0.440627)
Vector3D(-0.00658684, -0.21444, 0.440619)
Vector3D(-0.0066062, -0.214474, 0.490633)
Vector3D(0.093422, -0.214444, 0.490614)
Vector3D(0.0934262, -0.21443, 0.590629)
Vector3D(0.193415, -0.214516, 0.590593)
Vector3D(0.293435, -0.214464, 0.590592)
Vector3D(0.393439, -0.214482, 0.590576)
Vector3D(0.493421, -0.214475, 0.590575)
Vector3D(0.393439, -0.214491, 0.640592)
Vector3D(0.293413, -0.214429, 0.690634)
Vector3D(0.293394, -0.0144218, 0.790632)
Vector3D(0.293428, -0.0144479, 0.890606)
Vector3D(0.293411, -0.114454, 0.890611)
Vector3D(0.293423, 0.0855489, 0.890583)
Vector3D(0.293374, -0.31441, 0.890624)
Vector3D(0.293405, -0.414476, 0.790596)
Vector3D(0.293401, -0.414476, 0.840608)
Vector3D(0.293407, -0.414481, 0.860576)
Vector3D(0.193398, -0.414424, 0.860633)
Vector3D(0.0934127, -0.414462, 0.860588)
Vector3D(0.0934139, -0.414449, 0.890624)
Vector3D(0.093402, -0.414575, 0.900534)
Vector3D(-0.106644, -0.414461, 0.90058)
Vector3D(-0.206619, -0.314455, 0.900595)
Vector3D(-0.206594, -0.314431, 0.920604)
Vector3D(-0.00657625, -0.314409, 0.920622)
Vector3D(0.193398, -0.314489, 0.920604)
Vector3D(0.29344, -0.314538, 0.920554)
Vector3D(0.293376, -0.414442, 0.690628)
Vector3D(0.293388, -0.514463, 0.690619)
Vector3D(0.193373, -0.564436, 0.690642)
Vector3D(0.193389, -0.614492, 0.69056)
Vector3D(-0.206604, -0.514436, 0.690602)
Vector3D(-0.156631, -0.564433, 0.690601)
Vector3D(-0.00662557, -0.564484, 0.690593)
Vector3D(-0.00661408, -0.564435, 0.590591)
Vector3D(-0.00661537, -0.56444, 0.490603)

